870
291 19
7 614
455 3
502 255
504 61
616 371
181 650
428 83
20 279
476 495
62 467
736 129
330 95
219 168
52 233
119 603
727 583
292 575
123 519
594 123
140 518
44 411
323 481
227 339
556 110
96 232
82 401
711 461
100 51
130 34
445 503
133 539
17 9
72 835
27 548
157 153
824 186
131 508
673 686
90 56
44 477
342 268
53 300
89 642
159 248
376 700
586 664
304 186
194 208
267 1
247 859
116 845
31 202
713 646
533 113
856 402
159 340
265 155
243 156
172 402
15 7
10 69
669 79
403 394
109 61
102 125
45 55
754 605
77 123
390 297
28 294
279 512
203 647
78 235
274 712
136 378
547 231
851 578
668 217
71 334
36 56
184 384
661 536
44 126
112 22
466 562
199 352
275 30
207 273
178 157
577 117
177 734
717 229
93 86
27 152
202 394
537 404
96 22
177 359
372 429
201 705
153 532
113 106
337 560
3 783
597 684
506 408
1 2
86 121
657 468
160 107
74 585
464 466
282 227
57 1
746 220
79 193
2 7
259 17
636 48
242 66
421 18
761 352
433 480
141 499
1 205
699 335
215 343
793 68
435 83
388 20
816 49
654 578
550 37
203 189
640 433
142 18
479 237
13 37
453 321
57 150
151 867
50 75
338 10
61 658
5 1
776 534
441 450
646 447
54 41
857 568
277 681
823 709
372 159
212 55
95 99
133 120
808 407
28 729
223 249
825 164
763 119
156 60
408 360
149 163
158 743
145 606
9 4
436 311
815 33
201 7
664 767
4 20
682 615
509 327
58 565
131 108
741 711
320 223
574 108
173 309
151 468
829 351
162 586
841 22
15 571
147 29
450 652
377 245
49 107
182 422
789 273
362 38
356 139
283 667
195 199
269 127
31 318
18 437
417 791
169 285
28 16
404 103
397 860
323 278
1 14
347 98
790 265
595 375
282 531
564 497
827 315
207 221
165 39
645 820
264 90
223 544
542 198
566 643
360 63
288 240
492 802
303 310
124 136
189 247
459 292
292 53
765 701
78 43
710 290
278 135
291 331
453 478
117 50
507 70
213 252
517 430
47 102
100 194
47 173
30 135
72 68
579 400
358 231
858 520
207 607
293 35
344 202
120 379
76 54
560 852
722 114
30 3
230 679
711 773
810 301
90 751
48 120
526 458
168 229
690 320
128 406
471 116
487 388
68 83
456 807
376 292
372 536
772 423
270 175
82 448
599 308
57 68
545 358
167 174
55 167
468 580
545 570
850 3
261 302
121 207
423 380
341 52
183 559
709 699
842 483
75 110
117 139
706 94
723 700
792 21
494 59
103 473
247 831
416 70
85 11
744 212
31 29
800 353
94 337
175 812
540 425
89 263
92 119
172 127
49 48
219 659
104 283
228 530
551 87
16 419
760 257
328 99
224 106
12 588
433 87
670 419
527 153
193 461
108 625
648 56
371 236
693 512
510 285
587 251
180 215
675 656
809 417
407 286
38 40
866 412
484 146
172 415
346 330
64 101
628 456
170 130
46 82
23 20
230 31
9 18
250 73
76 742
239 192
291 680
454 665
534 403
65 73
567 30
324 100
306 214
598 537
111 289
50 666
25 10
405 561
460 369
202 223
88 144
94 58
111 83
246 107
660 613
801 601
497 363
63 116
260 63
283 489
170 464
275 703
171 189
105 17
306 444
501 370
492 115
370 40
415 442
304 498
311 110
258 37
322 400
30 97
26 369
251 13
33 184
313 305
58 40
546 533
446 275
345 198
449 84
262 327
137 100
593 430
155 52
253 99
254 261
676 653
764 417
114 53
26 9
523 637
56 77
231 146
410 75
18 53
367 543
7 47
554 147
164 375
141 19
799 571
714 680
578 119
250 839
108 97
206 95
46 618
805 334
89 28
255 132
624 204
785 478
25 521
756 207
653 287
321 3
698 848
566 352
349 103
76 161
735 141
609 556
183 76
47 61
721 507
166 731
188 25
223 600
738 454
629 32
445 753
196 66
849 3
695 324
822 780
445 74
81 52
148 325
386 828
196 354
456 129
854 37
220 5
537 689
162 424
718 260
239 784
85 92
678 222
671 469
557 34
188 284
109 516
306 426
103 748
67 16
312 252
187 476
247 307
6 10
695 768
364 339
65 20
86 762
179 51
14 39
523 91
777 64
8 74
35 15
597 490
620 320
386 242
42 17
797 577
450 572
601 142
62 42
592 541
483 449
4 12
611 14
106 177
862 248
202 622
2 865
319 22
57 241
70 39
488 834
432 633
672 35
86 115
728 19
600 726
337 558
543 596
263 440
204 490
22 10
528 420
280 82
89 308
497 818
33 19
405 68
584 579
561 781
779 217
61 782
363 210
353 124
426 833
273 840
218 589
277 232
86 16
98 462
234 191
33 60
336 314
66 399
88 78
431 774
2 348
393 309
13 7
220 641
51 843
284 631
389 239
31 50
245 94
621 530
687 204
58 298
321 804
137 397
655 76
482 253
195 38
733 446
704 276
577 798
146 23
639 107
87 80
268 305
35 44
697 381
195 332
534 569
198 37
79 355
152 702
40 148
42 549
118 35
651 557
438 40
240 140
423 529
65 514
71 301
214 262
604 38
555 500
381 864
366 819
8 3
541 110
145 171
832 754
204 110
522 10
732 465
25 32
37 272
182 451
817 177
562 795
775 325
641 674
619 289
1 129
1 27
613 332
528 630
4 447
175 122
30 84
432 472
385 638
616 707
430 780
633 796
590 31
34 26
234 299
181 13
336 420
138 55
574 719
460 720
14 417
13 45
227 218
240 500
9 159
691 226
846 174
786 213
757 449
350 5
391 310
725 361
187 582
182 181
506 535
688 98
104 190
143 316
25 244
626 77
5 632
230 694
357 217
14 169
434 766
26 237
424 602
191 107
403 778
6 383
166 24
373 65
90 91
381 80
610 137
806 751
715 194
772 814
303 95
70 623
870 63
336 409
3 59
443 30
7 11
483 826
87 470
256 7
138 740
612 316
41 737
13 43
749 593
576 2
844 13
794 607
226 35
282 317
538 288
137 286
247 452
2 36
228 287
9 271
71 4
28 104
261 432
27 38
747 321
401 515
506 750
180 129
140 130
44 254
64 55
325 396
4 143
493 76
124 216
544 708
627 341
488 384
537 696
322 56
617 489
83 154
214 520
200 96
418 486
395 360
762 770
222 50
19 14
333 110
458 97
151 98
187 1
2 3
467 685
56 290
758 830
95 43
238 123
645 527
583 289
4 24
836 118
847 582
64 367
294 297
163 382
449 552
385 281
38 52
59 276
803 647
103 65
28 465
699 701
170 366
853 284
268 104
296 252
73 257
281 505
644 838
198 430
418 475
6 3
43 51
289 431
457 160
140 413
284 380
374 349
581 361
161 192
544 605
562 644
351 439
362 677
76 855
94 463
281 19
525 229
41 34
127 5
368 170
211 187
314 300
485 407
44 132
167 469
673 121
745 120
635 232
861 523
78 80
573 202
9 164
46 7
236 188
360 434
266 157
398 377
82 225
315 9
